0   0.2   1.0 
1   0.20196052804238385   0.30624053010491864 
2   0.20384418268066823   0.3286014218355178 
3   0.20565397816414213   0.3457434169095943 
4   0.20739281055168945   0.36018062395199224 
5   0.2090634623461009   0.37289323095582355 
6   0.21066860694667233   0.38438644048641846 
7   0.21221081292721372   0.3949614147853171 
8   0.21369254814631547   0.40481477139082095 
9   0.21511618369644847   0.4140831521775664 
10   0.21648399769821805   0.42286595056666637 
11   0.21779817894584294   0.43123802111512455 
12   0.21906083040969296   0.43925729801950636 
13   0.2202739726014903   0.44696961668621815 
14   0.22143954680755926   0.45441190147957566 
15   0.22255941819529867   0.4616143504307062 
16   0.2236353787978476   0.4686019782880719 
17   0.22466915038172053   0.47539573461208723 
18   0.22566238720200144   0.4820133319716461 
19   0.22661667864950455   0.488469871247773 
20   0.22753355179413892   0.494778321726013 
21   0.22841447382854602   0.5009498951925865 
22   0.22926085441592092   0.5069943412939739 
23   0.2300740479457743   0.5129201834877323 
24   0.2308553557012444   0.5187349095336541 
25   0.23160602794142787   0.5244451267547411 
26   0.232327265902061   0.5300566896791563 
27   0.23302022371775305   0.5355748058013696 
28   0.23368601026884803   0.5410041238411262 
29   0.23432569095586975   0.5463488078786022 
30   0.2349402894043899   0.5516125999990549 
31   0.23553078910304748   0.5567988735189433 
32   0.2360981349773403   0.5619106784381237 
33   0.2366432349017075   0.5669507804341213 
34   0.23716696115232222   0.5719216944595302 
35   0.23767015180291967   0.5768257138040773 
36   0.23815361206589392   0.5816649353255334 
37   0.23861811558080936   0.5864412814285971 
38   0.23906440565238926   0.5911565192708131 
39   0.23949319643996175   0.5958122775939828 
40   0.23990517410026724   0.6004100615141825 
41   0.24030099788545542   0.6049512655502497 
42   0.2406813011980295   0.6094371851269191 
43   0.24104669260442535   0.6138690267528059 
44   0.24139775680884748   0.6182479170436233 
45   0.24173505558892067   0.6225749107362136 
46   0.24205912869465396   0.6268509978182404 
47   0.2423704947121558   0.6310771098809731 
48   0.2426696518934825   0.6352541257879258 
49   0.24295707895394775   0.639382876739692 
50   0.24323323583816936   0.6434641508047652 
51   0.2434985644560787   0.6474986969771497 
52   0.24375348939007088   0.6514872288138663 
53   0.24399841857442717   0.6554304276988665 
54   0.24423374394809688   0.6593289457741813 
55   0.24445984208188332   0.6631834085742301 
56   0.24467707478103737   0.6669944173949651 
57   0.24488578966422314   0.6707625514258447 
58   0.24508632071978192   0.6744883696694141 
59   0.2452789888401849   0.6781724126704756 
60   0.24546410233552937   0.6818152040743803 
61   0.24564195742690093   0.6854172520318232 
62   0.2458128387203902   0.6889790504656377 
63   0.2459770196625234   0.6925010802134243 
64   0.24613476297783501   0.6959838100583805 
65   0.2462863210892833   0.6994276976594045 
66   0.2464319365221807   0.7028331903903935 
67   0.2465718422922861   0.7062007260976414 
68   0.24670626227867987   0.7095307337833385 
69   0.24683541158201797   0.7128236342223601 
70   0.2469594968687391   0.7160798405188211 
71   0.24707871670177495   0.7192997586082316 
72   0.24719326185829332   0.7224837877105056 
73   0.2473033156349822   0.7256323207385732 
74   0.24740905414136372   0.7287457446668802 
75   0.2475106465816068   0.7318244408636401 
76   0.2476082555252901   0.7348687853903455 
77   0.2477020371675478   0.7378791492716992 
78   0.24779214157901536   0.7408558987388294 
79   0.24787871294597444   0.743799395448384 
80   0.2479618898010817   0.7467099966798497 
81   0.24804180524505065   0.7495880555132233 
82   0.2481185871596412   0.7524339209889648 
83   0.24819235841229767   0.7552479382519746 
84   0.24826323705276307   0.7580304486811825 
85   0.2483313365019837   0.7607817900061813 
86   0.24839676573360697   0.7635022964122038 
87   0.24845962944836245   0.7661922986346279 
88   0.2485200282416054   0.7688521240440735 
89   0.2485780587642908   0.7714820967230631 
90   0.24863381387763536   0.7740825375351226 
91   0.2486873828017156   0.7766537641871166 
92   0.24873885125823864   0.7791960912855429 
93   0.24878830160771545   0.7817098303874317 
94   0.24883581298125515   0.7841952900464444 
95   0.24888146140719172   0.7866527758547044 
96   0.2489253199327455   0.7890825904808418 
97   0.24896745874091436   0.7914850337046883 
98   0.2490079452627815   0.7938604024490147 
99   0.24904684428541943   0.7962089908086682 
100   0.2490842180555633   0.7985310900774275 
