0.0 0.0 0.5
0.0 0.01 0.51499550161941
0.0 0.02 0.5299640517645717
0.0 0.03 0.5448788923735801
0.0 0.04 0.5597136492671929
0.0 0.05 0.574442516811659
0.0 0.06 0.5890404340586651
0.0 0.07 0.6034832498647264
0.0 0.08 0.617747874769249
0.0 0.09 0.6318124177361016
0.0 0.1 0.6456563062257954
0.0 0.11 0.6592603884513855
0.0 0.12 0.6726070170677604
0.0 0.13 0.6856801139382539
0.0 0.14 0.6984652160025388
0.0 0.15 0.7109495026250039
0.0 0.16 0.7231218051243898
0.0 0.17 0.7349725994665188
0.0 0.18 0.7464939833376622
0.0 0.19 0.7576796390037048
0.0 0.2 0.7685247834990175
0.0 0.21 0.7790261077798122
0.0 0.22 0.789181706522253
0.0 0.23 0.7989910002494707
0.0 0.24 0.8084546514385326
0.0 0.25 0.8175744761936437
0.0 0.26 0.826353352980995
0.0 0.27 0.8347951298093854
0.0 0.28 0.8429045311145473
0.0 0.29 0.8506870654691562
0.0 0.3 0.8581489350995123
0.0 0.31 0.8652969480479719
0.0 0.32 0.8721384336809187
0.0 0.33 0.8786811621082631
0.0 0.34 0.8849332679544502
0.0 0.35000000000000006 0.8909031788043871
0.0 0.36 0.8965995485417504
0.0 0.37 0.9020311957024462
0.0 0.38 0.907207046882843
0.0 0.39 0.9121360851706988
0.0 0.4 0.9168273035060777
0.0 0.41000000000000005 0.9212896628294649
0.0 0.42 0.9255320548339719
0.0 0.43 0.929563269107183
0.0 0.44 0.9333919644249094
0.0 0.45 0.9370266439430035
0.0 0.46 0.9404756340234984
0.0 0.47000000000000005 0.9437470664268327
0.0 0.48 0.9468488636019362
0.0 0.49 0.9497887268097336
0.0 0.5 0.9525741268224334
0.0 0.51 0.9552122969502132
0.0 0.52 0.9577102281579663
0.0 0.53 0.9600746660471863
0.0 0.54 0.9623121094913941
0.0 0.55 0.9644288107273639
0.0 0.56 0.9664307767185175
0.0 0.5700000000000001 0.9683237716209436
0.0 0.58 0.9701133201963637
0.0 0.59 0.9718047120298574
0.0 0.6 0.973403006423134
0.0 0.61 0.9749130378465203
0.0 0.62 0.9763394218445388
0.0 0.63 0.9776865613009677
0.0 0.64 0.9789586529795317
0.0 0.65 0.9801596942659225
0.0 0.66 0.9812934900456455
0.0 0.67 0.9823636596602773
0.0 0.68 0.9833736438921183
0.0 0.6900000000000001 0.9843267119339514
0.0 0.7000000000000001 0.9852259683067269
0.0 0.71 0.9860743596934996
0.0 0.72 0.9868746816628972
0.0 0.73 0.9876295852598377
0.0 0.74 0.988341583445167
0.0 0.75 0.9890130573694068
0.0 0.76 0.9896462624689083
0.0 0.77 0.9902433343754488
0.0 0.78 0.990806294632712
0.0 0.79 0.9913370562151869
0.0 0.8 0.9918374288468401
0.0 0.81 0.9923091241184917
0.0 0.8200000000000001 0.9927537604041685
0.0 0.8300000000000001 0.9931728675778617
0.0 0.84 0.9935678915330812
0.0 0.85 0.9939401985084158
0.0 0.86 0.9942910792229766
0.0 0.87 0.9946217528261514
0.0 0.88 0.9949333706665338
0.0 0.89 0.9952270198852368
0.0 0.9 0.9955037268390589
0.0 0.91 0.9957644603591566
0.0 0.92 0.996010134851006
0.0 0.93 0.9962416132414993
0.0 0.9400000000000001 0.9964597097790535
0.0 0.9500000000000001 0.9966651926925867
0.0 0.96 0.9968587867151706
0.0 0.97 0.9970411754780928
0.0 0.98 0.9972130037809578
0.0 0.99 0.9973748797433398
0.0 1.0 0.9975273768433653
0.1 0.0 0.3775406687981454
0.1 0.01 0.3917409692534856
0.1 0.02 0.4061268970658573
0.1 0.03 0.42067574785125058
0.1 0.04 0.4353637081969708
0.1 0.05 0.45016600268752218
0.1 0.06 0.4650570548417855
0.1 0.07 0.48001065984441829
0.1 0.08 0.4950001666600003
0.1 0.09 0.5099986668799654
0.1 0.1 0.5249791874789399
0.1 0.11 0.5399148845555657
0.1 0.12 0.5547792351072147
0.1 0.13 0.569546223939229
0.1 0.14 0.5841905229354074
0.1 0.15 0.598687660112452
0.1 0.16 0.6130141761393355
0.1 0.17 0.6271477663131956
0.1 0.18 0.6410674063348171
0.1 0.19 0.6547534606063191
0.1 0.2 0.6681877721681662
0.1 0.21 0.6813537337890256
0.1 0.22 0.6942363401080306
0.1 0.23 0.7068222210935676
0.1 0.24 0.7190996574163838
0.1 0.25 0.7310585786300049
0.1 0.26 0.7426905453026858
0.1 0.27 0.7539887164489482
0.1 0.28 0.7649478037637648
0.1 0.29 0.7755640142690734
0.1 0.3 0.7858349830425586
0.1 0.31 0.7957596977159083
0.1 0.32 0.8053384164084221
0.1 0.33 0.8145725807070178
0.1 0.34 0.8234647252208833
0.1 0.35000000000000006 0.8320183851339246
0.1 0.36 0.8402380030563309
0.1 0.37 0.8481288363433407
0.1 0.38 0.8556968659094812
0.1 0.39 0.8629487074245404
0.1 0.4 0.8698915256370021
0.1 0.41000000000000005 0.8765329524347759
0.1 0.42 0.8828810091242195
0.1 0.43 0.8889440332885924
0.1 0.44 0.8947306104774903
0.1 0.45 0.9002495108803148
0.1 0.46 0.9055096310498407
0.1 0.47000000000000005 0.9105199406664386
0.1 0.48 0.9152894342692642
0.1 0.49 0.9198270878271877
0.1 0.5 0.9241418199787566
0.1 0.51 0.9282424577362486
0.1 0.52 0.9321377064230055
0.1 0.53 0.935836123594826
0.1 0.54 0.9393460966843479
0.1 0.55 0.9426758241011313
0.1 0.56 0.9458332995187639
0.1 0.5700000000000001 0.9488262990829084
0.1 0.58 0.9516623712800949
0.1 0.59 0.9543488292155562
0.1 0.6 0.9568927450589139
0.1 0.61 0.9593009464285336
0.1 0.62 0.9615800144984347
0.1 0.63 0.9637362836253517
0.1 0.64 0.965775842307604
0.1 0.65 0.9677045353015495
0.1 0.66 0.9695279667353559
0.1 0.67 0.97125150407346
0.1 0.68 0.9728802827982369
0.1 0.6900000000000001 0.9744192116879924
0.1 0.7000000000000001 0.9758729785823308
0.1 0.71 0.9772460565371959
0.1 0.72 0.9785427102823965
0.1 0.73 0.9797670029042146
0.1 0.74 0.9809228026847419
0.1 0.75 0.9820137900379085
0.1 0.76 0.9830434644897993
0.1 0.77 0.9840151516577974
0.1 0.78 0.9849320101894071
0.1 0.79 0.9857970386273088
0.1 0.8 0.9866130821723351
0.1 0.81 0.9873828393206613
0.1 0.8200000000000001 0.988108868355613
0.1 0.8300000000000001 0.9887935936781571
0.1 0.84 0.9894393119633768
0.1 0.85 0.9900481981330958
0.1 0.86 0.9906223111373232
0.1 0.87 0.9911635995393923
0.1 0.88 0.9916739069015661
0.1 0.89 0.9921549769695442
0.1 0.9 0.9926084586557181
0.1 0.91 0.9930359108222379
0.1 0.92 0.9934388068659837
0.1 0.93 0.9938185391083889
0.1 0.9400000000000001 0.9941764229937885
0.1 0.9500000000000001 0.9945137011005495
0.1 0.96 0.9948315469697114
0.1 0.97 0.9951310687562414
0.1 0.98 0.9954133127082959
0.1 0.99 0.9956792664800881
0.1 1.0 0.995929862284104
0.2 0.0 0.2689414213699951
0.2 0.01 0.2809003425836161
0.2 0.02 0.2931777789064324
0.2 0.03 0.30576365989196949
0.2 0.04 0.3186462662109744
0.2 0.05 0.3318122278318339
0.2 0.06 0.3452465393936808
0.2 0.07 0.35893259366518295
0.2 0.08 0.3728522336868044
0.2 0.09 0.38698582386066457
0.2 0.1 0.401312339887548
0.2 0.11 0.4158094770645927
0.2 0.12 0.43045377606077098
0.2 0.13 0.44522076489278519
0.2 0.14 0.46008511544443428
0.2 0.15 0.47502081252106
0.2 0.16 0.4900013331200346
0.2 0.17 0.5049998333399998
0.2 0.18 0.5199893401555817
0.2 0.19 0.5349429451582145
0.2 0.2 0.5498339973124778
0.2 0.21 0.5646362918030291
0.2 0.22 0.5793242521487495
0.2 0.23 0.5938731029341428
0.2 0.24 0.6082590307465143
0.2 0.25 0.6224593312018545
0.2 0.26 0.6364525402815664
0.2 0.27 0.6502185485738271
0.2 0.28 0.6637386974043528
0.2 0.29 0.676995856238523
0.2 0.3 0.6899744811276125
0.2 0.31 0.7026606543447315
0.2 0.32 0.7150421057009897
0.2 0.33 0.7271082163411295
0.2 0.34 0.7388500060842489
0.2 0.35000000000000006 0.7502601055951177
0.2 0.36 0.7613327148429104
0.2 0.37 0.7720635494267837
0.2 0.38 0.7824497764231124
0.2 0.39 0.7924899414403643
0.2 0.4 0.8021838885585817
0.2 0.41000000000000005 0.8115326747861805
0.2 0.42 0.8205384805926733
0.2 0.43 0.8292045179776256
0.2 0.44 0.8375349374193039
0.2 0.45 0.8455347349164653
0.2 0.46 0.8532096601986177
0.2 0.47000000000000005 0.86056612703835
0.2 0.48 0.8676111264579346
0.2 0.49 0.8743521434846542
0.2 0.5 0.8807970779778823
0.2 0.51 0.8869541699279211
0.2 0.52 0.8928319295134719
0.2 0.53 0.8984390721023634
0.2 0.54 0.9037844582893072
0.2 0.55 0.9088770389851438
0.2 0.56 0.9137258055040833
0.2 0.5700000000000001 0.9183397445384054
0.2 0.58 0.9227277978633401
0.2 0.59 0.9268988265776218
0.2 0.6 0.9308615796566533
0.2 0.61 0.9346246665744273
0.2 0.62 0.9381965337364114
0.2 0.63 0.9415854444576037
0.2 0.64 0.9447994622170657
0.2 0.65 0.9478464369215823
0.2 0.66 0.9507339939159732
0.2 0.67 0.9534695254852685
0.2 0.68 0.9560601846038588
0.2 0.6900000000000001 0.9585128806983042
0.2 0.7000000000000001 0.9608342772032357
0.2 0.71 0.9630307907033229
0.2 0.72 0.9651085914682631
0.2 0.73 0.9670736052018638
0.2 0.74 0.9689315158403326
0.2 0.75 0.9706877692486436
0.2 0.76 0.9723475776771769
0.2 0.77 0.973915924853617
0.2 0.78 0.9753975715972605
0.2 0.79 0.9767970618543558
0.2 0.8 0.9781187290638694
0.2 0.81 0.9793667027730938
0.2 0.8200000000000001 0.9805449154318069
0.2 0.8300000000000001 0.9816571093022567
0.2 0.84 0.9827068434300946
0.2 0.85 0.9836975006285591
0.2 0.86 0.9846322944347244
0.2 0.87 0.9855142760025332
0.2 0.88 0.986346340902649
0.2 0.89 0.9871312358039476
0.2 0.9 0.9878715650157257
0.2 0.91 0.9885697968735292
0.2 0.92 0.9892282699548585
0.2 0.93 0.9898491991140074
0.2 0.9400000000000001 0.9904346813279084
0.2 0.9500000000000001 0.990986701347152
0.2 0.96 0.9915071371483557
0.2 0.97 0.9919977651857838
0.2 0.98 0.9924602654416266
0.2 0.99 0.9928962262756111
0.2 1.0 0.9933071490757153
0.30000000000000007 0.0 0.18242552380635633
0.30000000000000007 0.01 0.1915453485614675
0.30000000000000007 0.02 0.20100899975052936
0.30000000000000007 0.03 0.21081829347774706
0.30000000000000007 0.04 0.22097389222018777
0.30000000000000007 0.05 0.23147521650098233
0.30000000000000007 0.06 0.24232036099629512
0.30000000000000007 0.07 0.2535060166623378
0.30000000000000007 0.08 0.2650274005334811
0.30000000000000007 0.09 0.2768781948756101
0.30000000000000007 0.1 0.289050497374996
0.30000000000000007 0.11 0.30153478399746116
0.30000000000000007 0.12 0.3143198860617461
0.30000000000000007 0.13 0.3273929829322395
0.30000000000000007 0.14 0.34073961154861456
0.30000000000000007 0.15 0.3543436937742045
0.30000000000000007 0.16 0.3681875822638983
0.30000000000000007 0.17 0.382252125230751
0.30000000000000007 0.18 0.3965167501352737
0.30000000000000007 0.19 0.4109595659413348
0.30000000000000007 0.2 0.4255574831883409
0.30000000000000007 0.21 0.440286350732807
0.30000000000000007 0.22 0.45512110762641996
0.30000000000000007 0.23 0.4700359482354282
0.30000000000000007 0.24 0.48500449838058987
0.30000000000000007 0.25 0.5
0.30000000000000007 0.26 0.51499550161941
0.30000000000000007 0.27 0.5299640517645717
0.30000000000000007 0.28 0.5448788923735801
0.30000000000000007 0.29 0.5597136492671928
0.30000000000000007 0.3 0.5744425168116589
0.30000000000000007 0.31 0.589040434058665
0.30000000000000007 0.32 0.6034832498647262
0.30000000000000007 0.33 0.617747874769249
0.30000000000000007 0.34 0.6318124177361016
0.30000000000000007 0.35000000000000006 0.6456563062257954
0.30000000000000007 0.36 0.6592603884513854
0.30000000000000007 0.37 0.6726070170677604
0.30000000000000007 0.38 0.6856801139382538
0.30000000000000007 0.39 0.6984652160025386
0.30000000000000007 0.4 0.7109495026250039
0.30000000000000007 0.41000000000000005 0.7231218051243897
0.30000000000000007 0.42 0.7349725994665188
0.30000000000000007 0.43 0.7464939833376622
0.30000000000000007 0.44 0.7576796390037048
0.30000000000000007 0.45 0.7685247834990175
0.30000000000000007 0.46 0.7790261077798122
0.30000000000000007 0.47000000000000005 0.789181706522253
0.30000000000000007 0.48 0.7989910002494707
0.30000000000000007 0.49 0.8084546514385325
0.30000000000000007 0.5 0.8175744761936437
0.30000000000000007 0.51 0.826353352980995
0.30000000000000007 0.52 0.8347951298093854
0.30000000000000007 0.53 0.8429045311145472
0.30000000000000007 0.54 0.8506870654691562
0.30000000000000007 0.55 0.8581489350995123
0.30000000000000007 0.56 0.8652969480479719
0.30000000000000007 0.5700000000000001 0.8721384336809187
0.30000000000000007 0.58 0.8786811621082631
0.30000000000000007 0.59 0.8849332679544502
0.30000000000000007 0.6 0.8909031788043871
0.30000000000000007 0.61 0.8965995485417504
0.30000000000000007 0.62 0.9020311957024459
0.30000000000000007 0.63 0.907207046882843
0.30000000000000007 0.64 0.9121360851706988
0.30000000000000007 0.65 0.9168273035060777
0.30000000000000007 0.66 0.9212896628294649
0.30000000000000007 0.67 0.9255320548339719
0.30000000000000007 0.68 0.929563269107183
0.30000000000000007 0.6900000000000001 0.9333919644249094
0.30000000000000007 0.7000000000000001 0.9370266439430035
0.30000000000000007 0.71 0.9404756340234984
0.30000000000000007 0.72 0.9437470664268327
0.30000000000000007 0.73 0.9468488636019362
0.30000000000000007 0.74 0.9497887268097336
0.30000000000000007 0.75 0.9525741268224331
0.30000000000000007 0.76 0.9552122969502132
0.30000000000000007 0.77 0.9577102281579663
0.30000000000000007 0.78 0.960074666047186
0.30000000000000007 0.79 0.9623121094913939
0.30000000000000007 0.8 0.9644288107273639
0.30000000000000007 0.81 0.9664307767185175
0.30000000000000007 0.8200000000000001 0.9683237716209436
0.30000000000000007 0.8300000000000001 0.9701133201963637
0.30000000000000007 0.84 0.9718047120298574
0.30000000000000007 0.85 0.973403006423134
0.30000000000000007 0.86 0.9749130378465203
0.30000000000000007 0.87 0.9763394218445388
0.30000000000000007 0.88 0.9776865613009677
0.30000000000000007 0.89 0.9789586529795317
0.30000000000000007 0.9 0.9801596942659225
0.30000000000000007 0.91 0.9812934900456455
0.30000000000000007 0.92 0.9823636596602773
0.30000000000000007 0.93 0.9833736438921183
0.30000000000000007 0.9400000000000001 0.9843267119339514
0.30000000000000007 0.9500000000000001 0.9852259683067269
0.30000000000000007 0.96 0.9860743596934996
0.30000000000000007 0.97 0.9868746816628972
0.30000000000000007 0.98 0.9876295852598377
0.30000000000000007 0.99 0.988341583445167
0.30000000000000007 1.0 0.9890130573694068
0.4 0.0 0.11920292202211755
0.4 0.01 0.12564785651534567
0.4 0.02 0.13238887354206539
0.4 0.03 0.13943387296165006
0.4 0.04 0.14679033980138238
0.4 0.05 0.15446526508353468
0.4 0.06 0.16246506258069605
0.4 0.07 0.17079548202237447
0.4 0.08 0.17946151940732678
0.4 0.09 0.1884673252138194
0.4 0.1 0.19781611144141823
0.4 0.11 0.20751005855963559
0.4 0.12 0.2175502235768875
0.4 0.13 0.22793645057321625
0.4 0.14 0.23866728515708958
0.4 0.15 0.24973989440488235
0.4 0.16 0.261149993915751
0.4 0.17 0.2728917836588705
0.4 0.18 0.28495789429901027
0.4 0.19 0.2973393456552684
0.4 0.2 0.31002551887238757
0.4 0.21 0.32300414376147698
0.4 0.22 0.3362613025956473
0.4 0.23 0.34978145142617297
0.4 0.24 0.3635474597184336
0.4 0.25 0.3775406687981454
0.4 0.26 0.3917409692534856
0.4 0.27 0.4061268970658573
0.4 0.28 0.42067574785125058
0.4 0.29 0.4353637081969708
0.4 0.3 0.45016600268752207
0.4 0.31 0.4650570548417855
0.4 0.32 0.48001065984441829
0.4 0.33 0.4950001666600003
0.4 0.34 0.5099986668799655
0.4 0.35000000000000006 0.52497918747894
0.4 0.36 0.5399148845555657
0.4 0.37 0.5547792351072147
0.4 0.38 0.5695462239392289
0.4 0.39 0.5841905229354073
0.4 0.4 0.5986876601124519
0.4 0.41000000000000005 0.6130141761393355
0.4 0.42 0.6271477663131956
0.4 0.43 0.6410674063348171
0.4 0.44 0.6547534606063192
0.4 0.45 0.6681877721681662
0.4 0.46 0.6813537337890256
0.4 0.47000000000000005 0.6942363401080306
0.4 0.48 0.7068222210935675
0.4 0.49 0.7190996574163838
0.4 0.5 0.7310585786300049
0.4 0.51 0.7426905453026858
0.4 0.52 0.753988716448948
0.4 0.53 0.7649478037637647
0.4 0.54 0.7755640142690734
0.4 0.55 0.7858349830425586
0.4 0.56 0.7957596977159083
0.4 0.5700000000000001 0.8053384164084221
0.4 0.58 0.8145725807070177
0.4 0.59 0.8234647252208832
0.4 0.6 0.8320183851339245
0.4 0.61 0.8402380030563309
0.4 0.62 0.8481288363433407
0.4 0.63 0.8556968659094812
0.4 0.64 0.8629487074245404
0.4 0.65 0.8698915256370021
0.4 0.66 0.8765329524347759
0.4 0.67 0.8828810091242195
0.4 0.68 0.8889440332885924
0.4 0.6900000000000001 0.8947306104774903
0.4 0.7000000000000001 0.9002495108803148
0.4 0.71 0.9055096310498407
0.4 0.72 0.9105199406664386
0.4 0.73 0.9152894342692642
0.4 0.74 0.9198270878271877
0.4 0.75 0.9241418199787566
0.4 0.76 0.9282424577362486
0.4 0.77 0.9321377064230055
0.4 0.78 0.935836123594826
0.4 0.79 0.9393460966843479
0.4 0.8 0.9426758241011313
0.4 0.81 0.9458332995187639
0.4 0.8200000000000001 0.9488262990829084
0.4 0.8300000000000001 0.9516623712800949
0.4 0.84 0.9543488292155562
0.4 0.85 0.9568927450589139
0.4 0.86 0.9593009464285336
0.4 0.87 0.9615800144984347
0.4 0.88 0.9637362836253517
0.4 0.89 0.965775842307604
0.4 0.9 0.9677045353015495
0.4 0.91 0.9695279667353559
0.4 0.92 0.97125150407346
0.4 0.93 0.9728802827982369
0.4 0.9400000000000001 0.9744192116879924
0.4 0.9500000000000001 0.9758729785823308
0.4 0.96 0.9772460565371959
0.4 0.97 0.9785427102823965
0.4 0.98 0.9797670029042146
0.4 0.99 0.9809228026847419
0.4 1.0 0.9820137900379085
0.5 0.0 0.07585818002124355
0.5 0.01 0.08017291217281233
0.5 0.02 0.08471056573073579
0.5 0.03 0.0894800593335614
0.5 0.04 0.09449036895015929
0.5 0.05 0.09975048911968514
0.5 0.06 0.10526938952250978
0.5 0.07 0.11105596671140757
0.5 0.08 0.11711899087578053
0.5 0.09 0.12346704756522399
0.5 0.1 0.13010847436299786
0.5 0.11 0.13705129257545968
0.5 0.12 0.14430313409051877
0.5 0.13 0.1518711636566593
0.5 0.14 0.15976199694366909
0.5 0.15 0.16798161486607553
0.5 0.16 0.1765352747791167
0.5 0.17 0.18542741929298224
0.5 0.18 0.1946615835915779
0.5 0.19 0.20424030228409177
0.5 0.2 0.2141650169574414
0.5 0.21 0.22443598573092653
0.5 0.22 0.2350521962362353
0.5 0.23 0.24601128355105196
0.5 0.24 0.2573094546973142
0.5 0.25 0.2689414213699951
0.5 0.26 0.2809003425836161
0.5 0.27 0.29317777890643245
0.5 0.28 0.3057636598919695
0.5 0.29 0.3186462662109744
0.5 0.3 0.3318122278318339
0.5 0.31 0.3452465393936808
0.5 0.32 0.35893259366518295
0.5 0.33 0.3728522336868044
0.5 0.34 0.38698582386066457
0.5 0.35000000000000006 0.401312339887548
0.5 0.36 0.4158094770645927
0.5 0.37 0.43045377606077098
0.5 0.38 0.44522076489278519
0.5 0.39 0.46008511544443428
0.5 0.4 0.47502081252106
0.5 0.41000000000000005 0.4900013331200346
0.5 0.42 0.5049998333399998
0.5 0.43 0.5199893401555819
0.5 0.44 0.5349429451582145
0.5 0.45 0.549833997312478
0.5 0.46 0.5646362918030292
0.5 0.47000000000000005 0.5793242521487495
0.5 0.48 0.5938731029341426
0.5 0.49 0.6082590307465143
0.5 0.5 0.6224593312018545
0.5 0.51 0.6364525402815664
0.5 0.52 0.6502185485738271
0.5 0.53 0.6637386974043528
0.5 0.54 0.6769958562385231
0.5 0.55 0.6899744811276125
0.5 0.56 0.7026606543447316
0.5 0.5700000000000001 0.7150421057009898
0.5 0.58 0.7271082163411294
0.5 0.59 0.7388500060842489
0.5 0.6 0.7502601055951177
0.5 0.61 0.7613327148429104
0.5 0.62 0.7720635494267837
0.5 0.63 0.7824497764231124
0.5 0.64 0.7924899414403644
0.5 0.65 0.8021838885585818
0.5 0.66 0.8115326747861805
0.5 0.67 0.8205384805926733
0.5 0.68 0.8292045179776256
0.5 0.6900000000000001 0.8375349374193039
0.5 0.7000000000000001 0.8455347349164655
0.5 0.71 0.8532096601986177
0.5 0.72 0.86056612703835
0.5 0.73 0.8676111264579346
0.5 0.74 0.8743521434846544
0.5 0.75 0.8807970779778823
0.5 0.76 0.8869541699279211
0.5 0.77 0.8928319295134717
0.5 0.78 0.8984390721023633
0.5 0.79 0.9037844582893072
0.5 0.8 0.9088770389851438
0.5 0.81 0.9137258055040833
0.5 0.8200000000000001 0.9183397445384054
0.5 0.8300000000000001 0.9227277978633401
0.5 0.84 0.9268988265776218
0.5 0.85 0.9308615796566533
0.5 0.86 0.9346246665744273
0.5 0.87 0.9381965337364114
0.5 0.88 0.9415854444576037
0.5 0.89 0.9447994622170657
0.5 0.9 0.9478464369215823
0.5 0.91 0.9507339939159732
0.5 0.92 0.9534695254852685
0.5 0.93 0.9560601846038588
0.5 0.9400000000000001 0.9585128806983042
0.5 0.9500000000000001 0.9608342772032357
0.5 0.96 0.9630307907033229
0.5 0.97 0.9651085914682631
0.5 0.98 0.9670736052018638
0.5 0.99 0.9689315158403326
0.5 1.0 0.9706877692486436
0.6000000000000001 0.0 0.04742587317756677
0.6000000000000001 0.01 0.050211273190266508
0.6000000000000001 0.02 0.05315113639806371
0.6000000000000001 0.03 0.05625293357316735
0.6000000000000001 0.04 0.05952436597650149
0.6000000000000001 0.05 0.06297335605699649
0.6000000000000001 0.06 0.06660803557509063
0.6000000000000001 0.07 0.07043673089281705
0.6000000000000001 0.08 0.07446794516602803
0.6000000000000001 0.09 0.0787103371705352
0.6000000000000001 0.1 0.08317269649392235
0.6000000000000001 0.11 0.08786391482930121
0.6000000000000001 0.12 0.09279295311715698
0.6000000000000001 0.13 0.09796880429755393
0.6000000000000001 0.14 0.10340045145824957
0.6000000000000001 0.15 0.10909682119561289
0.6000000000000001 0.16 0.11506673204554975
0.6000000000000001 0.17 0.12131883789173681
0.6000000000000001 0.18 0.12786156631908128
0.6000000000000001 0.19 0.13470305195202804
0.6000000000000001 0.2 0.14185106490048775
0.6000000000000001 0.21 0.14931293453084369
0.6000000000000001 0.22 0.15709546888545268
0.6000000000000001 0.23 0.16520487019061459
0.6000000000000001 0.24 0.17364664701900496
0.6000000000000001 0.25 0.18242552380635627
0.6000000000000001 0.26 0.19154534856146744
0.6000000000000001 0.27 0.20100899975052934
0.6000000000000001 0.28 0.21081829347774706
0.6000000000000001 0.29 0.22097389222018769
0.6000000000000001 0.3 0.23147521650098228
0.6000000000000001 0.31 0.24232036099629507
0.6000000000000001 0.32 0.25350601666233776
0.6000000000000001 0.33 0.2650274005334811
0.6000000000000001 0.34 0.2768781948756101
0.6000000000000001 0.35000000000000006 0.289050497374996
0.6000000000000001 0.36 0.30153478399746116
0.6000000000000001 0.37 0.3143198860617461
0.6000000000000001 0.38 0.32739298293223947
0.6000000000000001 0.39 0.34073961154861445
0.6000000000000001 0.4 0.35434369377420446
0.6000000000000001 0.41000000000000005 0.36818758226389827
0.6000000000000001 0.42 0.38225212523075088
0.6000000000000001 0.43 0.3965167501352736
0.6000000000000001 0.44 0.4109595659413348
0.6000000000000001 0.45 0.4255574831883409
0.6000000000000001 0.46 0.440286350732807
0.6000000000000001 0.47000000000000005 0.45512110762641996
0.6000000000000001 0.48 0.47003594823542807
0.6000000000000001 0.49 0.48500449838058976
0.6000000000000001 0.5 0.4999999999999998
0.6000000000000001 0.51 0.5149955016194099
0.6000000000000001 0.52 0.5299640517645716
0.6000000000000001 0.53 0.5448788923735799
0.6000000000000001 0.54 0.5597136492671928
0.6000000000000001 0.55 0.5744425168116589
0.6000000000000001 0.56 0.589040434058665
0.6000000000000001 0.5700000000000001 0.6034832498647262
0.6000000000000001 0.58 0.6177478747692488
0.6000000000000001 0.59 0.6318124177361014
0.6000000000000001 0.6 0.6456563062257953
0.6000000000000001 0.61 0.6592603884513852
0.6000000000000001 0.62 0.6726070170677603
0.6000000000000001 0.63 0.6856801139382538
0.6000000000000001 0.64 0.6984652160025386
0.6000000000000001 0.65 0.7109495026250039
0.6000000000000001 0.66 0.7231218051243897
0.6000000000000001 0.67 0.7349725994665188
0.6000000000000001 0.68 0.7464939833376622
0.6000000000000001 0.6900000000000001 0.7576796390037048
0.6000000000000001 0.7000000000000001 0.7685247834990175
0.6000000000000001 0.71 0.779026107779812
0.6000000000000001 0.72 0.7891817065222527
0.6000000000000001 0.73 0.7989910002494707
0.6000000000000001 0.74 0.8084546514385325
0.6000000000000001 0.75 0.8175744761936434
0.6000000000000001 0.76 0.8263533529809949
0.6000000000000001 0.77 0.8347951298093852
0.6000000000000001 0.78 0.8429045311145472
0.6000000000000001 0.79 0.8506870654691562
0.6000000000000001 0.8 0.8581489350995121
0.6000000000000001 0.81 0.8652969480479719
0.6000000000000001 0.8200000000000001 0.8721384336809186
0.6000000000000001 0.8300000000000001 0.8786811621082631
0.6000000000000001 0.84 0.8849332679544502
0.6000000000000001 0.85 0.8909031788043871
0.6000000000000001 0.86 0.8965995485417504
0.6000000000000001 0.87 0.9020311957024459
0.6000000000000001 0.88 0.907207046882843
0.6000000000000001 0.89 0.9121360851706988
0.6000000000000001 0.9 0.9168273035060777
0.6000000000000001 0.91 0.9212896628294649
0.6000000000000001 0.92 0.9255320548339719
0.6000000000000001 0.93 0.929563269107183
0.6000000000000001 0.9400000000000001 0.9333919644249094
0.6000000000000001 0.9500000000000001 0.9370266439430035
0.6000000000000001 0.96 0.9404756340234984
0.6000000000000001 0.97 0.9437470664268325
0.6000000000000001 0.98 0.9468488636019362
0.6000000000000001 0.99 0.9497887268097334
0.6000000000000001 1.0 0.9525741268224331
0.7000000000000001 0.0 0.02931223075135631
0.7000000000000001 0.01 0.031068484159667399
0.7000000000000001 0.02 0.03292639479813624
0.7000000000000001 0.03 0.03489140853173683
0.7000000000000001 0.04 0.03696920929667703
0.7000000000000001 0.05 0.039165722796764338
0.7000000000000001 0.06 0.04148711930169583
0.7000000000000001 0.07 0.04393981539614131
0.7000000000000001 0.08 0.04653047451473145
0.7000000000000001 0.09 0.04926600608402663
0.7000000000000001 0.1 0.05215356307841772
0.7000000000000001 0.11 0.05520053778293428
0.7000000000000001 0.12 0.05841455554239623
0.7000000000000001 0.13 0.06180346626358857
0.7000000000000001 0.14 0.06537533342557263
0.7000000000000001 0.15 0.06913842034334682
0.7000000000000001 0.16 0.0731011734223782
0.7000000000000001 0.17 0.07727220213665985
0.7000000000000001 0.18 0.08166025546159463
0.7000000000000001 0.19 0.08627419449591667
0.7000000000000001 0.2 0.09112296101485612
0.7000000000000001 0.21 0.09621554171069283
0.7000000000000001 0.22 0.10156092789763664
0.7000000000000001 0.23 0.10716807048652817
0.7000000000000001 0.24 0.11304583007207893
0.7000000000000001 0.25 0.11920292202211753
0.7000000000000001 0.26 0.12564785651534564
0.7000000000000001 0.27 0.13238887354206536
0.7000000000000001 0.28 0.13943387296165006
0.7000000000000001 0.29 0.1467903398013823
0.7000000000000001 0.3 0.15446526508353468
0.7000000000000001 0.31 0.162465062580696
0.7000000000000001 0.32 0.17079548202237444
0.7000000000000001 0.33 0.17946151940732678
0.7000000000000001 0.34 0.1884673252138194
0.7000000000000001 0.35000000000000006 0.19781611144141823
0.7000000000000001 0.36 0.20751005855963557
0.7000000000000001 0.37 0.21755022357688745
0.7000000000000001 0.38 0.22793645057321614
0.7000000000000001 0.39 0.23866728515708947
0.7000000000000001 0.4 0.24973989440488229
0.7000000000000001 0.41000000000000005 0.26114999391575097
0.7000000000000001 0.42 0.2728917836588704
0.7000000000000001 0.43 0.2849578942990102
0.7000000000000001 0.44 0.2973393456552684
0.7000000000000001 0.45 0.31002551887238757
0.7000000000000001 0.46 0.32300414376147698
0.7000000000000001 0.47000000000000005 0.3362613025956473
0.7000000000000001 0.48 0.34978145142617286
0.7000000000000001 0.49 0.3635474597184335
0.7000000000000001 0.5 0.3775406687981453
0.7000000000000001 0.51 0.39174096925348547
0.7000000000000001 0.52 0.40612689706585716
0.7000000000000001 0.53 0.4206757478512505
0.7000000000000001 0.54 0.4353637081969708
0.7000000000000001 0.55 0.45016600268752207
0.7000000000000001 0.56 0.4650570548417855
0.7000000000000001 0.5700000000000001 0.48001065984441829
0.7000000000000001 0.58 0.4950001666600002
0.7000000000000001 0.59 0.5099986668799653
0.7000000000000001 0.6 0.5249791874789399
0.7000000000000001 0.61 0.5399148845555656
0.7000000000000001 0.62 0.5547792351072146
0.7000000000000001 0.63 0.5695462239392289
0.7000000000000001 0.64 0.5841905229354073
0.7000000000000001 0.65 0.5986876601124519
0.7000000000000001 0.66 0.6130141761393355
0.7000000000000001 0.67 0.6271477663131956
0.7000000000000001 0.68 0.6410674063348171
0.7000000000000001 0.6900000000000001 0.6547534606063192
0.7000000000000001 0.7000000000000001 0.6681877721681662
0.7000000000000001 0.71 0.6813537337890254
0.7000000000000001 0.72 0.6942363401080305
0.7000000000000001 0.73 0.7068222210935675
0.7000000000000001 0.74 0.7190996574163838
0.7000000000000001 0.75 0.7310585786300048
0.7000000000000001 0.76 0.7426905453026856
0.7000000000000001 0.77 0.7539887164489479
0.7000000000000001 0.78 0.7649478037637646
0.7000000000000001 0.79 0.7755640142690733
0.7000000000000001 0.8 0.7858349830425585
0.7000000000000001 0.81 0.7957596977159082
0.7000000000000001 0.8200000000000001 0.805338416408422
0.7000000000000001 0.8300000000000001 0.8145725807070177
0.7000000000000001 0.84 0.8234647252208832
0.7000000000000001 0.85 0.8320183851339245
0.7000000000000001 0.86 0.8402380030563309
0.7000000000000001 0.87 0.8481288363433407
0.7000000000000001 0.88 0.8556968659094812
0.7000000000000001 0.89 0.8629487074245404
0.7000000000000001 0.9 0.8698915256370021
0.7000000000000001 0.91 0.8765329524347759
0.7000000000000001 0.92 0.8828810091242195
0.7000000000000001 0.93 0.8889440332885924
0.7000000000000001 0.9400000000000001 0.8947306104774903
0.7000000000000001 0.9500000000000001 0.9002495108803148
0.7000000000000001 0.96 0.9055096310498406
0.7000000000000001 0.97 0.9105199406664386
0.7000000000000001 0.98 0.9152894342692642
0.7000000000000001 0.99 0.9198270878271877
0.7000000000000001 1.0 0.9241418199787566
0.8 0.0 0.01798620996209156
0.8 0.01 0.019077197315258155
0.8 0.02 0.020232997095785404
0.8 0.03 0.021457289717603517
0.8 0.04 0.022753943462804
0.8 0.05 0.024127021417669198
0.8 0.06 0.025580788312007678
0.8 0.07 0.027119717201763029
0.8 0.08 0.028748495926539959
0.8 0.09 0.03047203326464415
0.8 0.1 0.032295464698450498
0.8 0.11 0.03422415769239587
0.8 0.12 0.036263716374648338
0.8 0.13 0.038419985501565379
0.8 0.14 0.040699053571466487
0.8 0.15 0.043107254941086099
0.8 0.16 0.04565117078444371
0.8 0.17 0.04833762871990519
0.8 0.18 0.051173700917091637
0.8 0.19 0.05416670048123605
0.8 0.2 0.05732417589886873
0.8 0.21 0.060653903315652128
0.8 0.22 0.06416387640517393
0.8 0.23 0.0678622935769945
0.8 0.24 0.07175754226375134
0.8 0.25 0.07585818002124355
0.8 0.26 0.08017291217281229
0.8 0.27 0.08471056573073575
0.8 0.28 0.0894800593335614
0.8 0.29 0.09449036895015929
0.8 0.3 0.09975048911968514
0.8 0.31 0.10526938952250978
0.8 0.32 0.11105596671140757
0.8 0.33 0.11711899087578053
0.8 0.34 0.12346704756522399
0.8 0.35000000000000006 0.13010847436299786
0.8 0.36 0.13705129257545962
0.8 0.37 0.1443031340905187
0.8 0.38 0.15187116365665924
0.8 0.39 0.159761996943669
0.8 0.4 0.16798161486607547
0.8 0.41000000000000005 0.17653527477911666
0.8 0.42 0.1854274192929822
0.8 0.43 0.1946615835915779
0.8 0.44 0.20424030228409177
0.8 0.45 0.2141650169574414
0.8 0.46 0.22443598573092653
0.8 0.47000000000000005 0.2350521962362353
0.8 0.48 0.24601128355105179
0.8 0.49 0.25730945469731417
0.8 0.5 0.26894142136999507
0.8 0.51 0.28090034258361609
0.8 0.52 0.2931777789064324
0.8 0.53 0.30576365989196949
0.8 0.54 0.3186462662109744
0.8 0.55 0.3318122278318339
0.8 0.56 0.3452465393936808
0.8 0.5700000000000001 0.35893259366518295
0.8 0.58 0.3728522336868043
0.8 0.59 0.38698582386066446
0.8 0.6 0.40131233988754796
0.8 0.61 0.41580947706459256
0.8 0.62 0.43045377606077098
0.8 0.63 0.44522076489278519
0.8 0.64 0.46008511544443428
0.8 0.65 0.47502081252106
0.8 0.66 0.4900013331200346
0.8 0.67 0.5049998333399998
0.8 0.68 0.5199893401555819
0.8 0.6900000000000001 0.5349429451582145
0.8 0.7000000000000001 0.549833997312478
0.8 0.71 0.5646362918030291
0.8 0.72 0.5793242521487494
0.8 0.73 0.5938731029341426
0.8 0.74 0.6082590307465143
0.8 0.75 0.6224593312018544
0.8 0.76 0.6364525402815662
0.8 0.77 0.650218548573827
0.8 0.78 0.6637386974043525
0.8 0.79 0.6769958562385229
0.8 0.8 0.6899744811276124
0.8 0.81 0.7026606543447314
0.8 0.8200000000000001 0.7150421057009897
0.8 0.8300000000000001 0.7271082163411294
0.8 0.84 0.7388500060842489
0.8 0.85 0.7502601055951177
0.8 0.86 0.7613327148429104
0.8 0.87 0.7720635494267837
0.8 0.88 0.7824497764231124
0.8 0.89 0.7924899414403644
0.8 0.9 0.8021838885585818
0.8 0.91 0.8115326747861805
0.8 0.92 0.8205384805926733
0.8 0.93 0.8292045179776256
0.8 0.9400000000000001 0.8375349374193039
0.8 0.9500000000000001 0.8455347349164655
0.8 0.96 0.8532096601986174
0.8 0.97 0.8605661270383498
0.8 0.98 0.8676111264579346
0.8 0.99 0.8743521434846542
0.8 1.0 0.8807970779778823
0.9 0.0 0.01098694263059318
0.9 0.01 0.011658416554833096
0.9 0.02 0.012370414740162428
0.9 0.03 0.0131253183371028
0.9 0.04 0.013925640306500396
0.9 0.05 0.014774031693273056
0.9 0.06 0.015673288066048557
0.9 0.07 0.016626356107881623
0.9 0.08 0.017636340339722668
0.9 0.09 0.018706509954354603
0.9 0.1 0.019840305734077504
0.9 0.11 0.021041347020468283
0.9 0.12 0.02231343869903223
0.9 0.13 0.023660578155461216
0.9 0.14 0.025086962153479814
0.9 0.15 0.026596993576865865
0.9 0.16 0.02819528797014257
0.9 0.17 0.02988667980363625
0.9 0.18 0.031676228379056387
0.9 0.19 0.03356922328148251
0.9 0.2 0.03557118927263617
0.9 0.21 0.037687890508605919
0.9 0.22 0.03992533395281379
0.9 0.23 0.042289771842033797
0.9 0.24 0.044787703049786718
0.9 0.25 0.04742587317756677
0.9 0.26 0.050211273190266508
0.9 0.27 0.05315113639806371
0.9 0.28 0.05625293357316735
0.9 0.29 0.05952436597650149
0.9 0.3 0.06297335605699649
0.9 0.31 0.06660803557509065
0.9 0.32 0.07043673089281708
0.9 0.33 0.07446794516602808
0.9 0.34 0.07871033717053523
0.9 0.35000000000000006 0.08317269649392238
0.9 0.36 0.08786391482930121
0.9 0.37 0.09279295311715698
0.9 0.38 0.09796880429755393
0.9 0.39 0.10340045145824957
0.9 0.4 0.10909682119561293
0.9 0.41000000000000005 0.1150667320455498
0.9 0.42 0.12131883789173687
0.9 0.43 0.12786156631908134
0.9 0.44 0.1347030519520281
0.9 0.45 0.14185106490048783
0.9 0.46 0.14931293453084377
0.9 0.47000000000000005 0.15709546888545276
0.9 0.48 0.16520487019061459
0.9 0.49 0.173646647019005
0.9 0.5 0.18242552380635633
0.9 0.51 0.1915453485614675
0.9 0.52 0.20100899975052936
0.9 0.53 0.21081829347774715
0.9 0.54 0.22097389222018783
0.9 0.55 0.23147521650098239
0.9 0.56 0.24232036099629518
0.9 0.5700000000000001 0.25350601666233787
0.9 0.58 0.2650274005334811
0.9 0.59 0.2768781948756101
0.9 0.6 0.289050497374996
0.9 0.61 0.30153478399746116
0.9 0.62 0.3143198860617461
0.9 0.63 0.3273929829322395
0.9 0.64 0.34073961154861456
0.9 0.65 0.35434369377420457
0.9 0.66 0.36818758226389838
0.9 0.67 0.382252125230751
0.9 0.68 0.39651675013527379
0.9 0.6900000000000001 0.410959565941335
0.9 0.7000000000000001 0.4255574831883411
0.9 0.71 0.440286350732807
0.9 0.72 0.45512110762641996
0.9 0.73 0.4700359482354282
0.9 0.74 0.4850044983805899
0.9 0.75 0.4999999999999998
0.9 0.76 0.5149955016194099
0.9 0.77 0.5299640517645716
0.9 0.78 0.5448788923735799
0.9 0.79 0.5597136492671928
0.9 0.8 0.5744425168116589
0.9 0.81 0.589040434058665
0.9 0.8200000000000001 0.6034832498647262
0.9 0.8300000000000001 0.617747874769249
0.9 0.84 0.6318124177361016
0.9 0.85 0.6456563062257954
0.9 0.86 0.6592603884513855
0.9 0.87 0.6726070170677605
0.9 0.88 0.6856801139382539
0.9 0.89 0.6984652160025388
0.9 0.9 0.710949502625004
0.9 0.91 0.7231218051243898
0.9 0.92 0.7349725994665189
0.9 0.93 0.7464939833376623
0.9 0.9400000000000001 0.7576796390037049
0.9 0.9500000000000001 0.7685247834990178
0.9 0.96 0.779026107779812
0.9 0.97 0.7891817065222527
0.9 0.98 0.7989910002494707
0.9 0.99 0.8084546514385325
0.9 1.0 0.8175744761936437
1.0 0.0 0.0066928509242848558
1.0 0.01 0.0071037737243887818
1.0 0.02 0.007539734558373393
1.0 0.03 0.00800223481421624
1.0 0.04 0.008492862851644353
1.0 0.05 0.00901329865284783
1.0 0.06 0.009565318672091665
1.0 0.07 0.01015080088599272
1.0 0.08 0.010771730045141615
1.0 0.09 0.011430203126470723
1.0 0.1 0.012128434984274238
1.0 0.11 0.012868764196052507
1.0 0.12 0.013653659097350888
1.0 0.13 0.014485723997466891
1.0 0.14 0.01536770556527555
1.0 0.15 0.01630249937144093
1.0 0.16 0.017293156569905427
1.0 0.17 0.018342890697743278
1.0 0.18 0.019455084568193036
1.0 0.19 0.020633297226906195
1.0 0.2 0.021881270936130478
1.0 0.21 0.023202938145644077
1.0 0.22 0.024602428402739446
1.0 0.23 0.026084075146382936
1.0 0.24 0.027652422322823147
1.0 0.25 0.02931223075135632
1.0 0.26 0.031068484159667427
1.0 0.27 0.032926394798136259
1.0 0.28 0.03489140853173686
1.0 0.29 0.03696920929667703
1.0 0.3 0.039165722796764359
1.0 0.31 0.041487119301695848
1.0 0.32 0.04393981539614132
1.0 0.33 0.04653047451473147
1.0 0.34 0.049266006084026658
1.0 0.35000000000000006 0.05215356307841774
1.0 0.36 0.05520053778293428
1.0 0.37 0.05841455554239623
1.0 0.38 0.06180346626358857
1.0 0.39 0.06537533342557263
1.0 0.4 0.06913842034334682
1.0 0.41000000000000005 0.0731011734223782
1.0 0.42 0.07727220213665989
1.0 0.43 0.08166025546159467
1.0 0.44 0.0862741944959167
1.0 0.45 0.09112296101485616
1.0 0.46 0.09621554171069287
1.0 0.47000000000000005 0.10156092789763668
1.0 0.48 0.10716807048652817
1.0 0.49 0.11304583007207897
1.0 0.5 0.11920292202211755
1.0 0.51 0.12564785651534567
1.0 0.52 0.13238887354206539
1.0 0.53 0.1394338729616501
1.0 0.54 0.14679033980138243
1.0 0.55 0.15446526508353476
1.0 0.56 0.16246506258069613
1.0 0.5700000000000001 0.17079548202237455
1.0 0.58 0.17946151940732678
1.0 0.59 0.1884673252138194
1.0 0.6 0.19781611144141823
1.0 0.61 0.20751005855963559
1.0 0.62 0.2175502235768875
1.0 0.63 0.22793645057321625
1.0 0.64 0.23866728515708963
1.0 0.65 0.24973989440488246
1.0 0.66 0.26114999391575108
1.0 0.67 0.2728917836588705
1.0 0.68 0.2849578942990103
1.0 0.6900000000000001 0.2973393456552686
1.0 0.7000000000000001 0.31002551887238768
1.0 0.71 0.32300414376147698
1.0 0.72 0.3362613025956473
1.0 0.73 0.34978145142617297
1.0 0.74 0.36354745971843369
1.0 0.75 0.3775406687981453
1.0 0.76 0.39174096925348547
1.0 0.77 0.40612689706585716
1.0 0.78 0.4206757478512505
1.0 0.79 0.4353637081969708
1.0 0.8 0.45016600268752207
1.0 0.81 0.4650570548417855
1.0 0.8200000000000001 0.48001065984441829
1.0 0.8300000000000001 0.4950001666600003
1.0 0.84 0.5099986668799655
1.0 0.85 0.52497918747894
1.0 0.86 0.5399148845555657
1.0 0.87 0.5547792351072148
1.0 0.88 0.569546223939229
1.0 0.89 0.5841905229354074
1.0 0.9 0.5986876601124521
1.0 0.91 0.6130141761393355
1.0 0.92 0.6271477663131957
1.0 0.93 0.6410674063348173
1.0 0.9400000000000001 0.6547534606063193
1.0 0.9500000000000001 0.6681877721681663
1.0 0.96 0.6813537337890254
1.0 0.97 0.6942363401080305
1.0 0.98 0.7068222210935675
1.0 0.99 0.7190996574163838
1.0 1.0 0.7310585786300049
1.1 0.0 0.004070137715896128
1.1 0.01 0.004320733519911917
1.1 0.02 0.004586687291704015
1.1 0.03 0.004868931243758641
1.1 0.04 0.005168453030288567
1.1 0.05 0.005486298899450404
1.1 0.06 0.005823577006211514
1.1 0.07 0.006181460891611144
1.1 0.08 0.0065611931340162289
1.1 0.09 0.006964089177762083
1.1 0.1 0.007391541344281971
1.1 0.11 0.007845023030455628
1.1 0.12 0.008326093098433782
1.1 0.13 0.008836400460607715
1.1 0.14 0.009377688862676856
1.1 0.15 0.009951801866904317
1.1 0.16 0.010560688036623112
1.1 0.17 0.011206406321842867
1.1 0.18 0.011891131644386983
1.1 0.19 0.01261716067933869
1.1 0.2 0.013386917827664769
1.1 0.21 0.014202961372691125
1.1 0.22 0.015067989810592807
1.1 0.23 0.01598484834220258
1.1 0.24 0.016956535510200767
1.1 0.25 0.01798620996209156
1.1 0.26 0.019077197315258155
1.1 0.27 0.020232997095785404
1.1 0.28 0.021457289717603517
1.1 0.29 0.022753943462803976
1.1 0.3 0.02412702141766919
1.1 0.31 0.025580788312007678
1.1 0.32 0.027119717201763029
1.1 0.33 0.028748495926539959
1.1 0.34 0.03047203326464415
1.1 0.35000000000000006 0.032295464698450498
1.1 0.36 0.034224157692395857
1.1 0.37 0.03626371637464832
1.1 0.38 0.03841998550156536
1.1 0.39 0.04069905357146647
1.1 0.4 0.043107254941086099
1.1 0.41000000000000005 0.04565117078444371
1.1 0.42 0.04833762871990519
1.1 0.43 0.051173700917091637
1.1 0.44 0.05416670048123605
1.1 0.45 0.05732417589886873
1.1 0.46 0.060653903315652128
1.1 0.47000000000000005 0.06416387640517393
1.1 0.48 0.06786229357699446
1.1 0.49 0.0717575422637513
1.1 0.5 0.07585818002124352
1.1 0.51 0.08017291217281229
1.1 0.52 0.08471056573073575
1.1 0.53 0.0894800593335614
1.1 0.54 0.09449036895015929
1.1 0.55 0.09975048911968514
1.1 0.56 0.10526938952250978
1.1 0.5700000000000001 0.11105596671140757
1.1 0.58 0.11711899087578047
1.1 0.59 0.12346704756522394
1.1 0.6 0.1301084743629978
1.1 0.61 0.13705129257545962
1.1 0.62 0.14430313409051868
1.1 0.63 0.15187116365665924
1.1 0.64 0.159761996943669
1.1 0.65 0.16798161486607547
1.1 0.66 0.17653527477911666
1.1 0.67 0.1854274192929822
1.1 0.68 0.1946615835915779
1.1 0.6900000000000001 0.20424030228409177
1.1 0.7000000000000001 0.2141650169574414
1.1 0.71 0.22443598573092644
1.1 0.72 0.23505219623623517
1.1 0.73 0.24601128355105179
1.1 0.74 0.25730945469731417
1.1 0.75 0.26894142136999496
1.1 0.76 0.28090034258361598
1.1 0.77 0.29317777890643229
1.1 0.78 0.30576365989196938
1.1 0.79 0.3186462662109743
1.1 0.8 0.33181222783183375
1.1 0.81 0.34524653939368069
1.1 0.8200000000000001 0.3589325936651828
1.1 0.8300000000000001 0.3728522336868043
1.1 0.84 0.38698582386066446
1.1 0.85 0.40131233988754796
1.1 0.86 0.41580947706459256
1.1 0.87 0.43045377606077098
1.1 0.88 0.44522076489278519
1.1 0.89 0.46008511544443428
1.1 0.9 0.47502081252106
1.1 0.91 0.4900013331200346
1.1 0.92 0.5049998333399998
1.1 0.93 0.5199893401555819
1.1 0.9400000000000001 0.5349429451582145
1.1 0.9500000000000001 0.549833997312478
1.1 0.96 0.564636291803029
1.1 0.97 0.5793242521487493
1.1 0.98 0.5938731029341425
1.1 0.99 0.6082590307465142
1.1 1.0 0.6224593312018544
1.2000000000000002 0.0 0.002472623156634772
1.2000000000000002 0.01 0.002625120256660191
1.2000000000000002 0.02 0.0027869962190422788
1.2000000000000002 0.03 0.0029588245219072286
1.2000000000000002 0.04 0.0031412132848294249
1.2000000000000002 0.05 0.0033348073074133414
1.2000000000000002 0.06 0.0035402902209465036
1.2000000000000002 0.07 0.0037583867585008
1.2000000000000002 0.08 0.0039898651489941009
1.2000000000000002 0.09 0.00423553964084342
1.2000000000000002 0.1 0.004496273160941178
1.2000000000000002 0.11 0.004772980114763201
1.2000000000000002 0.12 0.00506662933346625
1.2000000000000002 0.13 0.0053782471738486
1.2000000000000002 0.14 0.005708920777023337
1.2000000000000002 0.15 0.006059801491584105
1.2000000000000002 0.16 0.00643210846691863
1.2000000000000002 0.17 0.006827132422138154
1.2000000000000002 0.18 0.007246239595831423
1.2000000000000002 0.19 0.007690875881508324
1.2000000000000002 0.2 0.00816257115315989
1.2000000000000002 0.21 0.008662943784813155
1.2000000000000002 0.22 0.009193705367288087
1.2000000000000002 0.23 0.009756665624551348
1.2000000000000002 0.24 0.010353737531091742
1.2000000000000002 0.25 0.01098694263059317
1.2000000000000002 0.26 0.011658416554833096
1.2000000000000002 0.27 0.012370414740162416
1.2000000000000002 0.28 0.0131253183371028
1.2000000000000002 0.29 0.013925640306500382
1.2000000000000002 0.3 0.014774031693273043
1.2000000000000002 0.31 0.015673288066048557
1.2000000000000002 0.32 0.01662635610788161
1.2000000000000002 0.33 0.017636340339722668
1.2000000000000002 0.34 0.018706509954354589
1.2000000000000002 0.35000000000000006 0.01984030573407749
1.2000000000000002 0.36 0.021041347020468255
1.2000000000000002 0.37 0.022313438699032213
1.2000000000000002 0.38 0.023660578155461188
1.2000000000000002 0.39 0.025086962153479793
1.2000000000000002 0.4 0.02659699357686583
1.2000000000000002 0.41000000000000005 0.02819528797014255
1.2000000000000002 0.42 0.029886679803636214
1.2000000000000002 0.43 0.03167622837905637
1.2000000000000002 0.44 0.03356922328148249
1.2000000000000002 0.45 0.035571189272636149
1.2000000000000002 0.46 0.0376878905086059
1.2000000000000002 0.47000000000000005 0.039925333952813769
1.2000000000000002 0.48 0.04228977184203375
1.2000000000000002 0.49 0.0447877030497867
1.2000000000000002 0.5 0.04742587317756674
1.2000000000000002 0.51 0.05021127319026649
1.2000000000000002 0.52 0.05315113639806369
1.2000000000000002 0.53 0.05625293357316733
1.2000000000000002 0.54 0.059524365976501469
1.2000000000000002 0.55 0.06297335605699645
1.2000000000000002 0.56 0.06660803557509063
1.2000000000000002 0.5700000000000001 0.07043673089281705
1.2000000000000002 0.58 0.07446794516602798
1.2000000000000002 0.59 0.07871033717053516
1.2000000000000002 0.6 0.08317269649392227
1.2000000000000002 0.61 0.08786391482930119
1.2000000000000002 0.62 0.0927929531171569
1.2000000000000002 0.63 0.09796880429755388
1.2000000000000002 0.64 0.1034004514582495
1.2000000000000002 0.65 0.10909682119561289
1.2000000000000002 0.66 0.11506673204554971
1.2000000000000002 0.67 0.12131883789173681
1.2000000000000002 0.68 0.12786156631908128
1.2000000000000002 0.6900000000000001 0.13470305195202804
1.2000000000000002 0.7000000000000001 0.14185106490048775
1.2000000000000002 0.71 0.14931293453084364
1.2000000000000002 0.72 0.1570954688854526
1.2000000000000002 0.73 0.16520487019061448
1.2000000000000002 0.74 0.1736466470190049
1.2000000000000002 0.75 0.18242552380635616
1.2000000000000002 0.76 0.1915453485614673
1.2000000000000002 0.77 0.20100899975052917
1.2000000000000002 0.78 0.21081829347774692
1.2000000000000002 0.79 0.22097389222018763
1.2000000000000002 0.8 0.23147521650098219
1.2000000000000002 0.81 0.24232036099629496
1.2000000000000002 0.8200000000000001 0.25350601666233765
1.2000000000000002 0.8300000000000001 0.265027400533481
1.2000000000000002 0.84 0.27687819487561
1.2000000000000002 0.85 0.2890504973749959
1.2000000000000002 0.86 0.3015347839974611
1.2000000000000002 0.87 0.314319886061746
1.2000000000000002 0.88 0.32739298293223947
1.2000000000000002 0.89 0.34073961154861445
1.2000000000000002 0.9 0.35434369377420446
1.2000000000000002 0.91 0.36818758226389827
1.2000000000000002 0.92 0.38225212523075088
1.2000000000000002 0.93 0.3965167501352736
1.2000000000000002 0.9400000000000001 0.4109595659413348
1.2000000000000002 0.9500000000000001 0.4255574831883409
1.2000000000000002 0.96 0.4402863507328068
1.2000000000000002 0.97 0.4551211076264196
1.2000000000000002 0.98 0.47003594823542796
1.2000000000000002 0.99 0.48500449838058976
1.2000000000000002 1.0 0.4999999999999998
1.3 0.0 0.0015011822567369917
1.3 0.01 0.0015938622283030089
1.3 0.02 0.001692254377379708
1.3 0.03 0.0017967095305784437
1.3 0.04 0.0019075999043338228
1.3 0.05 0.002025320389049882
1.3 0.06 0.002150289907789133
1.3 0.07 0.0022829528535030618
1.3 0.08 0.002423780608973963
1.3 0.09 0.0025732731538103687
1.3 0.1 0.002731960763011059
1.3 0.11 0.0029004058017841978
1.3 0.12 0.0030792046214772955
1.3 0.13 0.0032689895616386168
1.3 0.14 0.003470431063389331
1.3 0.15 0.003684239899435986
1.3 0.16 0.003911169526191865
1.3 0.17 0.004152018563600642
1.3 0.18 0.004407633408362808
1.3 0.19 0.004678910986350701
1.3 0.2 0.004966801650056957
1.3 0.21 0.005272312226948675
1.3 0.22 0.005596509224589802
1.3 0.23 0.0059405221983403698
1.3 0.24 0.006305547287335858
1.3 0.25 0.0066928509242848558
1.3 0.26 0.0071037737243887818
1.3 0.27 0.007539734558373393
1.3 0.28 0.00800223481421624
1.3 0.29 0.008492862851644346
1.3 0.3 0.009013298652847822
1.3 0.31 0.009565318672091665
1.3 0.32 0.01015080088599272
1.3 0.33 0.010771730045141615
1.3 0.34 0.011430203126470723
1.3 0.35000000000000006 0.012128434984274238
1.3 0.36 0.012868764196052495
1.3 0.37 0.013653659097350888
1.3 0.38 0.014485723997466879
1.3 0.39 0.01536770556527555
1.3 0.4 0.01630249937144093
1.3 0.41000000000000005 0.017293156569905427
1.3 0.42 0.018342890697743278
1.3 0.43 0.019455084568193036
1.3 0.44 0.020633297226906195
1.3 0.45 0.021881270936130478
1.3 0.46 0.023202938145644077
1.3 0.47000000000000005 0.024602428402739446
1.3 0.48 0.02608407514638293
1.3 0.49 0.027652422322823123
1.3 0.5 0.02931223075135631
1.3 0.51 0.031068484159667399
1.3 0.52 0.03292639479813624
1.3 0.53 0.03489140853173683
1.3 0.54 0.03696920929667703
1.3 0.55 0.039165722796764359
1.3 0.56 0.041487119301695848
1.3 0.5700000000000001 0.04393981539614132
1.3 0.58 0.04653047451473145
1.3 0.59 0.04926600608402663
1.3 0.6 0.05215356307841772
1.3 0.61 0.05520053778293428
1.3 0.62 0.05841455554239623
1.3 0.63 0.06180346626358857
1.3 0.64 0.06537533342557263
1.3 0.65 0.06913842034334682
1.3 0.66 0.0731011734223782
1.3 0.67 0.07727220213665989
1.3 0.68 0.08166025546159467
1.3 0.6900000000000001 0.0862741944959167
1.3 0.7000000000000001 0.09112296101485616
1.3 0.71 0.09621554171069283
1.3 0.72 0.10156092789763664
1.3 0.73 0.10716807048652817
1.3 0.74 0.11304583007207897
1.3 0.75 0.11920292202211748
1.3 0.76 0.1256478565153456
1.3 0.77 0.13238887354206534
1.3 0.78 0.13943387296165003
1.3 0.79 0.1467903398013823
1.3 0.8 0.15446526508353468
1.3 0.81 0.162465062580696
1.3 0.8200000000000001 0.17079548202237444
1.3 0.8300000000000001 0.17946151940732678
1.3 0.84 0.1884673252138194
1.3 0.85 0.19781611144141823
1.3 0.86 0.20751005855963559
1.3 0.87 0.2175502235768875
1.3 0.88 0.22793645057321625
1.3 0.89 0.23866728515708963
1.3 0.9 0.24973989440488246
1.3 0.91 0.26114999391575108
1.3 0.92 0.2728917836588705
1.3 0.93 0.2849578942990103
1.3 0.9400000000000001 0.2973393456552686
1.3 0.9500000000000001 0.31002551887238768
1.3 0.96 0.32300414376147687
1.3 0.97 0.33626130259564726
1.3 0.98 0.34978145142617286
1.3 0.99 0.3635474597184335
1.3 1.0 0.3775406687981453
1.4000000000000002 0.0 0.0009110511944006445
1.4000000000000002 0.01 0.0009673329580677725
1.4000000000000002 0.02 0.0010270880507115197
1.4000000000000002 0.03 0.0010905303674609727
1.4000000000000002 0.04 0.0011578869176096148
1.4000000000000002 0.05 0.0012293986212774202
1.4000000000000002 0.06 0.0013053211535267709
1.4000000000000002 0.07 0.00138592583863808
1.4000000000000002 0.08 0.0014715005973895263
1.4000000000000002 0.09 0.0015623509503289617
1.4000000000000002 0.1 0.00165880108017442
1.4000000000000002 0.11 0.001761194956632844
1.4000000000000002 0.12 0.0018698975270840476
1.4000000000000002 0.13 0.0019852959767385788
1.4000000000000002 0.14 0.0021078010620432499
1.4000000000000002 0.15 0.0022378485212763297
1.4000000000000002 0.16 0.0023759005664449846
1.4000000000000002 0.17 0.0025224474607696944
1.4000000000000002 0.18 0.0026780091862131148
1.4000000000000002 0.19 0.0028431372056829347
1.4000000000000002 0.2 0.0030184163247084217
1.4000000000000002 0.21 0.0032044666575568776
1.4000000000000002 0.22 0.0034019457029172619
1.4000000000000002 0.23 0.0036115505344315455
1.4000000000000002 0.24 0.0038340201114974434
1.4000000000000002 0.25 0.004070137715896128
1.4000000000000002 0.26 0.004320733519911917
1.4000000000000002 0.27 0.004586687291704015
1.4000000000000002 0.28 0.004868931243758641
1.4000000000000002 0.29 0.005168453030288567
1.4000000000000002 0.3 0.005486298899450404
1.4000000000000002 0.31 0.005823577006211514
1.4000000000000002 0.32 0.006181460891611144
1.4000000000000002 0.33 0.0065611931340162289
1.4000000000000002 0.34 0.006964089177762083
1.4000000000000002 0.35000000000000006 0.007391541344281971
1.4000000000000002 0.36 0.007845023030455628
1.4000000000000002 0.37 0.008326093098433775
1.4000000000000002 0.38 0.008836400460607715
1.4000000000000002 0.39 0.009377688862676847
1.4000000000000002 0.4 0.009951801866904317
1.4000000000000002 0.41000000000000005 0.010560688036623112
1.4000000000000002 0.42 0.011206406321842867
1.4000000000000002 0.43 0.011891131644386983
1.4000000000000002 0.44 0.01261716067933869
1.4000000000000002 0.45 0.013386917827664769
1.4000000000000002 0.46 0.014202961372691125
1.4000000000000002 0.47000000000000005 0.015067989810592807
1.4000000000000002 0.48 0.015984848342202569
1.4000000000000002 0.49 0.016956535510200767
1.4000000000000002 0.5 0.01798620996209154
1.4000000000000002 0.51 0.019077197315258148
1.4000000000000002 0.52 0.020232997095785387
1.4000000000000002 0.53 0.021457289717603507
1.4000000000000002 0.54 0.022753943462803976
1.4000000000000002 0.55 0.02412702141766919
1.4000000000000002 0.56 0.025580788312007678
1.4000000000000002 0.5700000000000001 0.027119717201763029
1.4000000000000002 0.58 0.028748495926539949
1.4000000000000002 0.59 0.030472033264644137
1.4000000000000002 0.6 0.03229546469845049
1.4000000000000002 0.61 0.034224157692395857
1.4000000000000002 0.62 0.03626371637464832
1.4000000000000002 0.63 0.03841998550156536
1.4000000000000002 0.64 0.04069905357146647
1.4000000000000002 0.65 0.043107254941086099
1.4000000000000002 0.66 0.04565117078444371
1.4000000000000002 0.67 0.04833762871990519
1.4000000000000002 0.68 0.051173700917091637
1.4000000000000002 0.6900000000000001 0.05416670048123605
1.4000000000000002 0.7000000000000001 0.05732417589886873
1.4000000000000002 0.71 0.0606539033156521
1.4000000000000002 0.72 0.0641638764051739
1.4000000000000002 0.73 0.06786229357699446
1.4000000000000002 0.74 0.0717575422637513
1.4000000000000002 0.75 0.07585818002124349
1.4000000000000002 0.76 0.08017291217281222
1.4000000000000002 0.77 0.08471056573073573
1.4000000000000002 0.78 0.08948005933356133
1.4000000000000002 0.79 0.09449036895015924
1.4000000000000002 0.8 0.09975048911968505
1.4000000000000002 0.81 0.10526938952250974
1.4000000000000002 0.8200000000000001 0.11105596671140747
1.4000000000000002 0.8300000000000001 0.11711899087578047
1.4000000000000002 0.84 0.12346704756522394
1.4000000000000002 0.85 0.1301084743629978
1.4000000000000002 0.86 0.13705129257545962
1.4000000000000002 0.87 0.14430313409051868
1.4000000000000002 0.88 0.15187116365665924
1.4000000000000002 0.89 0.159761996943669
1.4000000000000002 0.9 0.16798161486607547
1.4000000000000002 0.91 0.17653527477911666
1.4000000000000002 0.92 0.1854274192929822
1.4000000000000002 0.93 0.1946615835915779
1.4000000000000002 0.9400000000000001 0.20424030228409177
1.4000000000000002 0.9500000000000001 0.2141650169574414
1.4000000000000002 0.96 0.22443598573092636
1.4000000000000002 0.97 0.2350521962362351
1.4000000000000002 0.98 0.24601128355105177
1.4000000000000002 0.99 0.2573094546973141
1.4000000000000002 1.0 0.26894142136999496
