0.0 100.0
1.0 100.0914
2.0 100.16990937499999
3.0 100.23619291610717
4.0 100.29105451885879
5.0 100.33538377828248
6.0 100.37011051974828
7.0 100.39616814481369
8.0 100.41446568697518
9.0 100.42586781830272
10.0 100.43118168609307
11.0 100.43114932399685
12.0 100.42644440460013
13.0 100.41767221818802
14.0 100.40537192707784
15.0 100.39002032266362
16.0 100.37203648196387
17.0 100.3517868705345
18.0 100.32959056440157
19.0 100.30572436479035
20.0 100.28042765790654
21.0 100.25390693102726
22.0 100.2263398991573
23.0 100.19787922681995
24.0 100.16865585010346
25.0 100.13878191732259
26.0 100.10835337454839
27.0 100.07745222634887
28.0 100.04614850354264
29.0 100.01450196947225
30.0 99.98256359489437
31.0 99.95037682951669
32.0 99.91797869580756
33.0 99.88540072818165
34.0 99.85266977816556
35.0 99.81980870376354
36.0 99.78683695902491
37.0 99.75377109778965
38.0 99.720625203765
39.0 99.68741125746085
40.0 99.65413944907688
41.0 99.62081844517411
42.0 99.5874556158651
43.0 99.55405722830112
44.0 99.52062861140777
45.0 99.48717429610672
46.0 99.45369813464603
47.0 99.42020340213375
48.0 99.38669288291547
49.0 99.35316894404896
50.0 99.31963359779638
51.0 99.28608855477066
52.0 99.2525352691301
53.0 99.21897497700853
54.0 99.18540872919137
55.0 99.15183741889805
56.0 99.11826180540253
57.0 99.0846825341147
58.0 99.05110015365254
59.0 99.01751513035543
60.0 98.98392786062205
61.0 98.95033868139863
62.0 98.91674787909484
63.0 98.8831556971627
64.0 98.84956234253923
65.0 98.81596799112289
66.0 98.78237279242884
67.0 98.748776873546
68.0 98.71518034250073
69.0 98.68158329111596
70.0 98.64798579744158
71.0 98.6143879278203
72.0 98.58078973864362
73.0 98.54719127784445
74.0 98.51359258616588
75.0 98.47999369823962
76.0 98.44639464350269
77.0 98.41279544697656
78.0 98.37919612992955
79.0 98.34559671043975
80.0 98.31199720387352
81.0 98.27839762329229
82.0 98.2447979797983
83.0 98.21119828282846
84.0 98.17759854040412
85.0 98.14399875934345
86.0 98.11039894544189
87.0 98.07679910362558
88.0 98.04319923808171
89.0 98.00959935236943
90.0 97.975999449514
91.0 97.9423995320869
92.0 97.90879960227386
93.0 97.87519966193277
94.0 97.84159971264285
95.0 97.80799975574641
96.0 97.77439979238444
97.0 97.74079982352677
98.0 97.70719984999775
99.0 97.67359987249809
100.0 97.63999989162338
101.0 97.60639990787986
102.0 97.57279992169788
103.0 97.5391999334432
104.0 97.50559994342672
105.0 97.47199995191271
106.0 97.4383999591258
107.0 97.40479996525693
108.0 97.37119997046838
109.0 97.33759997489813
110.0 97.3039999786634
111.0 97.27039998186389
112.0 97.23679998458431
113.0 97.20319998689666
114.0 97.16959998886216
115.0 97.13599999053284
116.0 97.10239999195291
117.0 97.06879999315997
118.0 97.03519999418597
119.0 97.00159999505807
120.0 96.96799999579936
121.0 96.93439999642945
122.0 96.90079999696503
123.0 96.86719999742027
124.0 96.83359999780723
125.0 96.79999999813614
126.0 96.76639999841572
127.0 96.73279999865336
128.0 96.69919999885536
129.0 96.66559999902705
130.0 96.63199999917299
131.0 96.59839999929704
132.0 96.56479999940248
133.0 96.5311999994921
134.0 96.49759999956828
135.0 96.46399999963303
136.0 96.43039999968808
137.0 96.39679999973487
138.0 96.36319999977464
139.0 96.32959999980844
140.0 96.29599999983716
141.0 96.26239999986159
142.0 96.22879999988234
143.0 96.19519999989998
144.0 96.16159999991498
145.0 96.12799999992774
146.0 96.09439999993857
147.0 96.06079999994779
148.0 96.02719999995561
149.0 95.99359999996227
150.0 95.95999999996793
151.0 95.92639999997274
152.0 95.89279999997683
153.0 95.8591999999803
154.0 95.82559999998325
155.0 95.79199999998576
156.0 95.7583999999879
157.0 95.72479999998971
158.0 95.69119999999126
159.0 95.65759999999257
160.0 95.62399999999369
161.0 95.59039999999463
162.0 95.55679999999543
163.0 95.52319999999612
164.0 95.4895999999967
165.0 95.45599999999719
166.0 95.42239999999761
167.0 95.38879999999797
168.0 95.35519999999828
169.0 95.32159999999854
170.0 95.28799999999876
171.0 95.25439999999895
172.0 95.22079999999912
173.0 95.18719999999925
174.0 95.15359999999937
175.0 95.11999999999946
176.0 95.08639999999954
177.0 95.0527999999996
178.0 95.01919999999967
179.0 94.98559999999972
180.0 94.95199999999977
181.0 94.9183999999998
182.0 94.88479999999984
183.0 94.85119999999986
184.0 94.81759999999989
185.0 94.7839999999999
186.0 94.75039999999993
187.0 94.71679999999994
188.0 94.68319999999994
189.0 94.64959999999995
190.0 94.61599999999996
191.0 94.58239999999996
192.0 94.54879999999997
193.0 94.51519999999998
194.0 94.48159999999999
195.0 94.448
196.0 94.4144
197.0 94.38080000000001
198.0 94.34720000000002
199.0 94.31360000000002
200.0 94.28000000000003
201.0 94.24640000000004
202.0 94.21280000000004
203.0 94.17920000000005
204.0 94.14560000000006
205.0 94.11200000000007
206.0 94.07840000000007
207.0 94.04480000000008
208.0 94.01120000000009
209.0 93.9776000000001
210.0 93.9440000000001
211.0 93.91040000000011
212.0 93.87680000000012
213.0 93.84320000000012
214.0 93.80960000000013
215.0 93.77600000000014
216.0 93.74240000000015
217.0 93.70880000000015
218.0 93.67520000000016
219.0 93.64160000000017
220.0 93.60800000000017
221.0 93.57440000000018
222.0 93.54080000000019
223.0 93.5072000000002
224.0 93.4736000000002
225.0 93.44000000000021
226.0 93.40640000000022
227.0 93.37280000000023
228.0 93.33920000000023
229.0 93.30560000000024
230.0 93.27200000000025
231.0 93.23840000000025
232.0 93.20480000000026
233.0 93.17120000000027
234.0 93.13760000000028
235.0 93.10400000000028
236.0 93.07040000000029
237.0 93.0368000000003
238.0 93.0032000000003
239.0 92.96960000000031
240.0 92.93600000000032
241.0 92.90240000000033
242.0 92.86880000000033
243.0 92.83520000000034
244.0 92.80160000000035
245.0 92.76800000000036
246.0 92.73440000000036
247.0 92.70080000000037
248.0 92.66720000000038
249.0 92.63360000000038
250.0 92.60000000000039
251.0 92.5664000000004
252.0 92.5328000000004
253.0 92.49920000000041
254.0 92.46560000000042
255.0 92.43200000000043
256.0 92.39840000000044
257.0 92.36480000000044
258.0 92.33120000000045
259.0 92.29760000000046
260.0 92.26400000000046
261.0 92.23040000000047
262.0 92.19680000000048
263.0 92.16320000000049
264.0 92.1296000000005
265.0 92.0960000000005
266.0 92.06240000000051
267.0 92.02880000000052
268.0 91.99520000000052
269.0 91.96160000000053
270.0 91.92800000000054
271.0 91.89440000000054
272.0 91.86080000000055
273.0 91.82720000000056
274.0 91.79360000000057
275.0 91.76000000000057
276.0 91.72640000000058
277.0 91.69280000000059
278.0 91.6592000000006
279.0 91.6256000000006
280.0 91.59200000000061
281.0 91.55840000000062
282.0 91.52480000000062
283.0 91.49120000000063
284.0 91.45760000000064
285.0 91.42400000000065
286.0 91.39040000000065
287.0 91.35680000000066
288.0 91.32320000000067
289.0 91.28960000000068
290.0 91.25600000000068
291.0 91.22240000000069
292.0 91.1888000000007
293.0 91.1552000000007
294.0 91.12160000000071
295.0 91.08800000000072
296.0 91.05440000000073
297.0 91.02080000000073
298.0 90.98720000000074
299.0 90.95360000000075
300.0 90.92000000000075
301.0 90.88640000000076
302.0 90.85280000000077
303.0 90.81920000000078
304.0 90.78560000000078
305.0 90.75200000000079
306.0 90.7184000000008
307.0 90.6848000000008
308.0 90.65120000000081
309.0 90.61760000000082
310.0 90.58400000000083
311.0 90.55040000000083
312.0 90.51680000000084
313.0 90.48320000000085
314.0 90.44960000000086
315.0 90.41600000000086
316.0 90.38240000000087
317.0 90.34880000000088
318.0 90.31520000000089
319.0 90.28160000000089
320.0 90.2480000000009
321.0 90.21440000000091
322.0 90.18080000000091
323.0 90.14720000000092
324.0 90.11360000000093
325.0 90.08000000000094
326.0 90.04640000000094
327.0 90.01280000000095
328.0 89.97920000000096
329.0 89.94560000000097
330.0 89.91200000000097
331.0 89.87840000000098
332.0 89.84480000000099
333.0 89.811200000001
334.0 89.777600000001
335.0 89.74400000000101
336.0 89.71040000000102
337.0 89.67680000000102
338.0 89.64320000000103
339.0 89.60960000000104
340.0 89.57600000000105
341.0 89.54240000000105
342.0 89.50880000000106
343.0 89.47520000000107
344.0 89.44160000000107
345.0 89.40800000000108
346.0 89.37440000000109
347.0 89.3408000000011
348.0 89.3072000000011
349.0 89.27360000000111
350.0 89.24000000000112
351.0 89.20640000000112
352.0 89.17280000000113
353.0 89.13920000000114
354.0 89.10560000000115
355.0 89.07200000000115
356.0 89.03840000000116
357.0 89.00480000000117
358.0 88.97120000000118
359.0 88.93760000000118
360.0 88.90400000000119
361.0 88.8704000000012
362.0 88.8368000000012
363.0 88.80320000000121
364.0 88.76960000000122
365.0 88.73600000000123
