0.0 5.0
1.0 5.125
2.0 5.237109375
3.0 5.336992916107178
4.0 5.4254545188588
5.0 5.503383778282485
6.0 5.5717105197482875
7.0 5.631368144813687
8.0 5.683265686975182
9.0 5.728267818302722
10.0 5.767181686093065
11.0 5.800749323996843
12.0 5.829644404600124
13.0 5.854472218188004
14.0 5.8757719270778255
15.0 5.894020322663603
16.0 5.9096364819638545
17.0 5.92298687053448
18.0 5.934390564401556
19.0 5.944124364790334
20.0 5.952427657906532
21.0 5.959506931027246
22.0 5.965539899157288
23.0 5.970679226819943
24.0 5.9750558501034545
25.0 5.978781917322585
26.0 5.981953374548384
27.0 5.984652226348872
28.0 5.9869485035426395
29.0 5.988901969472249
30.0 5.990563594894372
31.0 5.991976829516683
32.0 5.993178695807566
33.0 5.994200728181658
34.0 5.995069778165569
35.0 5.995808703763551
36.0 5.996436959024915
37.0 5.996971097789653
38.0 5.99742520376499
39.0 5.99781125746085
40.0 5.998139449076875
41.0 5.9984184451741
42.0 5.998655615865093
43.0 5.9988572283011115
44.0 5.999028611407766
45.0 5.999174296106706
46.0 5.999298134646027
47.0 5.999403402133749
48.0 5.999492882915461
49.0 5.999568944048948
50.0 5.999633597796375
51.0 5.999688554770654
52.0 5.9997352691301025
53.0 5.999774977008526
54.0 5.999808729191363
55.0 5.9998374188980454
56.0 5.9998618054025235
57.0 5.999882534114701
58.0 5.99990015365254
59.0 5.999915130355427
60.0 5.999927860622041
61.0 5.999938681398632
62.0 5.9999478790948375
63.0 5.999955697162697
64.0 5.999962342539225
65.0 5.9999679911228885
66.0 5.999972792428841
67.0 5.999976873546009
68.0 5.999980342500737
69.0 5.999983291115966
70.0 5.9999857974415916
71.0 5.99998792782031
72.0 5.99998973864362
73.0 5.999991277844445
74.0 5.9999925861658765
75.0 5.999993698239621
76.0 5.999994643502685
77.0 5.999995446976565
78.0 5.9999961299295625
79.0 5.999996710439754
80.0 5.99999720387352
81.0 5.9999976232922965
82.0 5.9999979797983105
83.0 5.999998282828462
84.0 5.9999985404041185
85.0 5.999998759343447
86.0 5.999998945441892
87.0 5.99999910362558
88.0 5.999999238081723
89.0 5.99999935236945
90.0 5.999999449514022
91.0 5.999999532086911
92.0 5.999999602273869
93.0 5.999999661932785
94.0 5.999999712642865
95.0 5.999999755746433
96.0 5.999999792384466
97.0 5.999999823526795
98.0 5.999999849997775
99.0 5.999999872498108
100.0 5.999999891623392
101.0 5.999999907879883
102.0 5.9999999216979
103.0 5.999999933443215
104.0 5.999999943426733
105.0 5.999999951912723
106.0 5.999999959125814
107.0 5.999999965256942
108.0 5.999999970468401
109.0 5.999999974898141
110.0 5.9999999786634195
111.0 5.9999999818639065
112.0 5.999999984584321
113.0 5.999999986896673
114.0 5.999999988862172
115.0 5.999999990532846
116.0 5.999999991952919
117.0 5.999999993159981
118.0 5.999999994185984
119.0 5.9999999950580865
120.0 5.9999999957993735
121.0 5.999999996429468
122.0 5.999999996965047
123.0 5.99999999742029
124.0 5.9999999978072465
125.0 5.999999998136159
126.0 5.999999998415736
127.0 5.999999998653375
128.0 5.999999998855369
129.0 5.999999999027064
130.0 5.999999999173004
131.0 5.999999999297053
132.0 5.999999999402495
133.0 5.999999999492121
134.0 5.999999999568303
135.0 5.999999999633057
136.0 5.999999999688098
137.0 5.999999999734884
138.0 5.999999999774651
139.0 5.999999999808454
140.0 5.999999999837185
141.0 5.999999999861608
142.0 5.999999999882366
143.0 5.9999999999000115
144.0 5.99999999991501
145.0 5.999999999927759
146.0 5.999999999938595
147.0 5.999999999947805
148.0 5.999999999955635
149.0 5.99999999996229
150.0 5.9999999999679465
151.0 5.999999999972754
152.0 5.999999999976841
153.0 5.999999999980314
154.0 5.999999999983268
155.0 5.999999999985778
156.0 5.999999999987911
157.0 5.999999999989725
158.0 5.999999999991266
159.0 5.999999999992576
160.0 5.9999999999936895
161.0 5.999999999994636
162.0 5.999999999995441
163.0 5.999999999996125
164.0 5.999999999996706
165.0 5.9999999999972
166.0 5.99999999999762
167.0 5.999999999997977
168.0 5.9999999999982805
169.0 5.999999999998538
170.0 5.999999999998757
171.0 5.999999999998944
172.0 5.999999999999102
173.0 5.999999999999237
174.0 5.999999999999352
175.0 5.999999999999449
176.0 5.999999999999532
177.0 5.999999999999602
178.0 5.999999999999662
179.0 5.999999999999712
180.0 5.999999999999756
181.0 5.999999999999792
182.0 5.999999999999823
183.0 5.99999999999985
184.0 5.999999999999872
185.0 5.999999999999892
186.0 5.999999999999908
187.0 5.999999999999922
188.0 5.999999999999933
189.0 5.999999999999943
190.0 5.999999999999952
191.0 5.999999999999959
192.0 5.999999999999965
193.0 5.999999999999971
194.0 5.999999999999975
195.0 5.999999999999979
196.0 5.999999999999982
197.0 5.999999999999985
198.0 5.999999999999988
199.0 5.999999999999989
200.0 5.999999999999991
201.0 5.999999999999993
202.0 5.999999999999994
203.0 5.999999999999995
204.0 5.999999999999996
205.0 5.9999999999999964
206.0 5.999999999999997
207.0 5.999999999999997
208.0 5.999999999999997
209.0 5.999999999999997
210.0 5.999999999999997
211.0 5.999999999999997
212.0 5.999999999999997
213.0 5.999999999999997
214.0 5.999999999999997
215.0 5.999999999999997
216.0 5.999999999999997
217.0 5.999999999999997
218.0 5.999999999999997
219.0 5.999999999999997
220.0 5.999999999999997
221.0 5.999999999999997
222.0 5.999999999999997
223.0 5.999999999999997
224.0 5.999999999999997
225.0 5.999999999999997
226.0 5.999999999999997
227.0 5.999999999999997
228.0 5.999999999999997
229.0 5.999999999999997
230.0 5.999999999999997
231.0 5.999999999999997
232.0 5.999999999999997
233.0 5.999999999999997
234.0 5.999999999999997
235.0 5.999999999999997
236.0 5.999999999999997
237.0 5.999999999999997
238.0 5.999999999999997
239.0 5.999999999999997
240.0 5.999999999999997
241.0 5.999999999999997
242.0 5.999999999999997
243.0 5.999999999999997
244.0 5.999999999999997
245.0 5.999999999999997
246.0 5.999999999999997
247.0 5.999999999999997
248.0 5.999999999999997
249.0 5.999999999999997
250.0 5.999999999999997
251.0 5.999999999999997
252.0 5.999999999999997
253.0 5.999999999999997
254.0 5.999999999999997
255.0 5.999999999999997
256.0 5.999999999999997
257.0 5.999999999999997
258.0 5.999999999999997
259.0 5.999999999999997
260.0 5.999999999999997
261.0 5.999999999999997
262.0 5.999999999999997
263.0 5.999999999999997
264.0 5.999999999999997
265.0 5.999999999999997
266.0 5.999999999999997
267.0 5.999999999999997
268.0 5.999999999999997
269.0 5.999999999999997
270.0 5.999999999999997
271.0 5.999999999999997
272.0 5.999999999999997
273.0 5.999999999999997
274.0 5.999999999999997
275.0 5.999999999999997
276.0 5.999999999999997
277.0 5.999999999999997
278.0 5.999999999999997
279.0 5.999999999999997
280.0 5.999999999999997
281.0 5.999999999999997
282.0 5.999999999999997
283.0 5.999999999999997
284.0 5.999999999999997
285.0 5.999999999999997
286.0 5.999999999999997
287.0 5.999999999999997
288.0 5.999999999999997
289.0 5.999999999999997
290.0 5.999999999999997
291.0 5.999999999999997
292.0 5.999999999999997
293.0 5.999999999999997
294.0 5.999999999999997
295.0 5.999999999999997
296.0 5.999999999999997
297.0 5.999999999999997
298.0 5.999999999999997
299.0 5.999999999999997
300.0 5.999999999999997
301.0 5.999999999999997
302.0 5.999999999999997
303.0 5.999999999999997
304.0 5.999999999999997
305.0 5.999999999999997
306.0 5.999999999999997
307.0 5.999999999999997
308.0 5.999999999999997
309.0 5.999999999999997
310.0 5.999999999999997
311.0 5.999999999999997
312.0 5.999999999999997
313.0 5.999999999999997
314.0 5.999999999999997
315.0 5.999999999999997
316.0 5.999999999999997
317.0 5.999999999999997
318.0 5.999999999999997
319.0 5.999999999999997
320.0 5.999999999999997
321.0 5.999999999999997
322.0 5.999999999999997
323.0 5.999999999999997
324.0 5.999999999999997
325.0 5.999999999999997
326.0 5.999999999999997
327.0 5.999999999999997
328.0 5.999999999999997
329.0 5.999999999999997
330.0 5.999999999999997
331.0 5.999999999999997
332.0 5.999999999999997
333.0 5.999999999999997
334.0 5.999999999999997
335.0 5.999999999999997
336.0 5.999999999999997
337.0 5.999999999999997
338.0 5.999999999999997
339.0 5.999999999999997
340.0 5.999999999999997
341.0 5.999999999999997
342.0 5.999999999999997
343.0 5.999999999999997
344.0 5.999999999999997
345.0 5.999999999999997
346.0 5.999999999999997
347.0 5.999999999999997
348.0 5.999999999999997
349.0 5.999999999999997
350.0 5.999999999999997
351.0 5.999999999999997
352.0 5.999999999999997
353.0 5.999999999999997
354.0 5.999999999999997
355.0 5.999999999999997
356.0 5.999999999999997
357.0 5.999999999999997
358.0 5.999999999999997
359.0 5.999999999999997
360.0 5.999999999999997
361.0 5.999999999999997
362.0 5.999999999999997
363.0 5.999999999999997
364.0 5.999999999999997
365.0 5.999999999999997
