400 , 7.716317204907419e14 
410 , 2.091474866263484e14 
420 , 6.032442623746552e13 
430 , 1.8435212282719082e13 
440 , 5.945729319053072e12 
450 , 2.0165269776667432e12 
460 , 7.168369413192627e11 
470 , 2.6628758430472525e11 
480 , 1.0308631576585986e11 
490 , 4.1483325482271e10 
500 , 1.7312476931718304e10 
510 , 7.477006657742636e9 
520 , 3.335190254885067e9 
530 , 1.5337123602935252e9 
540 , 7.258763641414326e8 
550 , 3.530167049337566e8 
560 , 1.761606228353757e8 
570 , 9.007720941294304e7 
580 , 4.713740033720874e7 
590 , 2.5214490997134887e7 
600 , 1.377183987643772e7 
610 , 7672651.441691682 
620 , 4356061.695771337 
630 , 2517951.6290622186 
640 , 1480606.6685575834 
650 , 884968.1490996132 
660 , 537265.1518511872 
670 , 331069.7677198513 
680 , 206935.38659074024 
690 , 131118.96174313014 
700 , 84170.17293254253 
710 , 54710.87714713676 
720 , 35990.33827339475 
730 , 23948.670326091407 
740 , 16112.320269931806 
750 , 10955.311266567307 
760 , 7524.889548503176 
770 , 5219.303364232151 
780 , 3654.2561934198716 
790 , 2581.694047565549 
800 , 1839.8520906792614 
810 , 1322.1894466085785 
820 , 957.8647678833789 
830 , 699.3393297517159 
840 , 514.4278524189936 
850 , 381.15266434132207 
860 , 284.38189631204364 
870 , 213.61365010588779 
880 , 161.5029432473704 
890 , 122.87430171938898 
900 , 94.05456791939051 
910 , 72.41857202594102 
920 , 56.07742503022663 
930 , 43.663103127082934 
940 , 34.178526326027026 
950 , 26.89250471838123 
960 , 21.26563638142153 
970 , 16.89770153364525 
980 , 13.49008407670842 
990 , 10.818765258818999 
1000 , 8.714801074090122 
